00200001000000000000000428330000000000008260005000000000000174
00700001000000000000000012540000000000008260005000000000000174
00700001000000000000000012550000000000008260005000000000000174
00600005000000000000000001560000000000211570005000000000004443
00600005000000000000000001570000000008879470005000000000186469
00600005000000000000000001580000000000448000005000000000009408
00200001000000000000000428340000000000024790005000000000000521
00200001000000000000000428350000000000016530005000000000000347
00700001000000000000000012640000000000016530005000000000000347
00600005000000000000000001590000000000016520005000000000000348
00600005000000000000000001600000000000041320005000000000000868
00600005000000000000000001610000000000041320005000000000000868
00600005000000000000000001620000000000041320005000000000000868
00600005000000000000000001630000000000041320005000000000000868
00600005000000000000000001640000000000041320005000000000000868
00600005000000000000000001650000000000024790005000000000000521
00600005000000000000000001660000000000016530005000000000000347
00600005000000000000000001670000000000016530005000000000000347
00600005000000000000000001680000000000008260005000000000000174
00200001000000000000000428360000000000016530005000000000000347
00200001000000000000000428370000000000008260005000000000000174
00700001000000000000000012660000000000008260005000000000000174
00600005000000000000000001690000000000008260005000000000000174
